183
160
107
73
71
93
108
117
115
113
116
116
106
101
108
111
111
113
116
120
116
118
119
116
111
123
137
137
134
107
83
66
60
63
67
79
111
129
144
152
143
144
157
167
175
179
182
184
184
185
185
186
175
123
115
120
109
104
107
128
135
145
152
158
156
151
158
167
168
159
155
157
156
156
160
167
174
179
181
183
184
185
185
187
187
188
187
184
130
121
131
143
144
152
151
151
135
132
135
143
142
147
150
151
144
144
148
152
149
150
153
151
142
140
144
145
143
149
153
157
161
170
176
181
183
185
185
185
185
186
173
115
79
66
72
83
89
94
106
103
82
55
45
53
72
111
130
115
101
103
84
68
79
93
105
109
108
115
116
123
122
134
151
159
162
161
163
162
160
