%Pulse	Left IR	Front IR	Right IR
200	191	191	191
200	192	192	192
200	133	134	134
200	97	147	117
200	84	161	126
200	88	170	140
200	88	176	144
200	86	181	153
200	84	184	152
200	89	187	155
200	91	188	160
200	90	189	162
200	92	190	160
200	90	190	160
200	88	190	158
200	89	190	159
200	90	191	159
200	91	192	160
200	90	191	161
200	87	191	162
200	87	191	160
0	88	190	159
0	86	190	159
0	84	186	154
0	63	131	109
0	43	88	74
0	29	59	50
0	21	41	35
0	15	28	24
0	12	20	17
0	9	14	12
0	7	11	9
0	5	8	7
0	4	7	6
0	4	5	5
0	4	4	4
0	3	4	3
0	3	3	3
0	3	3	3
0	3	3	3
0	3	3	3
0	3	3	3
200	2	3	3
200	3	3	3
200	3	3	3
200	6	54	20
200	26	98	63
200	44	128	95
200	53	150	118
200	62	163	132
200	71	171	139
200	76	178	144
200	79	182	150
200	83	184	152
200	84	187	158
200	83	188	161
200	89	190	163
200	85	190	166
200	84	190	166
200	84	190	165
200	83	191	166
200	84	189	166
200	82	190	163
0	83	191	167
0	84	192	166
0	86	190	164
0	65	134	117
0	44	89	79
0	30	60	52
0	21	41	36
0	15	28	25
0	11	20	17
0	8	14	12
0	6	11	9
0	5	8	7
0	4	6	6
0	4	5	5
0	4	5	4
0	3	4	3
0	3	3	3
0	3	3	3
0	3	3	3
0	3	3	3
0	3	3	3
200	3	3	3
200	2	4	3
200	3	3	3
200	7	60	19
200	24	103	60
200	38	131	88
200	54	150	110
200	60	163	120
200	65	172	129
200	68	177	135
200	73	182	140
200	76	185	146
200	77	188	147
200	83	188	153
200	84	188	153
200	83	190	156
200	85	189	157
200	85	190	161
200	83	191	162
200	81	191	164
200	82	192	164
0	84	191	164
0	85	190	165
0	80	189	161
0	60	132	114
0	41	89	76
0	28	60	52
0	20	40	35
0	14	28	24
0	11	19	17
0	8	14	13
0	6	10	9
0	5	8	7
0	4	6	6
0	4	5	4
0	3	4	4
0	3	4	3
0	3	3	3
0	3	3	3
0	3	3	3
0	3	3	3
0	2	3	3
200	2	3	3
200	3	3	2
200	3	3	3
200	7	56	17
200	25	99	54
200	42	130	78
200	57	149	98
200	64	163	111
200	68	173	121
200	76	179	125
200	80	182	133
200	79	185	137
200	79	185	140
200	80	187	140
200	82	188	146
200	86	189	149
200	84	190	151
200	87	191	155
200	84	191	156
200	86	191	159
200	84	190	160
0	86	191	159
0	84	190	159
0	86	190	158
0	63	132	111
0	44	88	75
0	30	60	50
0	21	40	34
0	15	28	24
0	11	20	17
0	8	14	12
0	7	10	9
0	5	7	7
0	4	6	5
0	3	5	4
0	4	4	4
0	3	4	3
0	3	3	3
0	3	3	3
0	2	3	3
0	3	3	3
0	3	3	3
200	3	3	3
200	3	3	3
200	3	3	3
200	6	54	14
200	18	99	49
200	39	130	78
200	51	149	88
200	60	163	99
200	67	170	109
200	71	176	110
200	74	179	118
200	77	182	120
200	80	185	120
200	83	188	124
200	84	188	125
200	86	189	129
200	87	189	133
200	85	189	135
200	85	188	135
200	82	188	140
200	90	190	147
0	85	191	152
0	87	191	155
0	89	191	153
0	66	133	108
0	45	90	73
0	31	61	49
0	22	41	34
0	15	28	23
0	11	20	16
0	8	14	12
0	7	10	9
0	5	8	7
0	4	6	5
0	4	6	5
0	4	5	3
0	3	4	3
0	3	4	3
0	3	3	3
0	3	3	3
0	3	3	3
0	3	3	3
200	3	3	3
200	3	3	3
200	3	4	3
200	7	59	21
200	27	101	50
200	42	130	71
200	54	148	85
200	66	159	96
200	72	167	95
200	75	171	96
200	79	176	95
200	79	179	92
200	80	177	91
200	80	178	89
200	80	177	89
200	83	178	91
200	79	177	90
200	79	177	92
200	80	178	97
200	83	179	96
200	82	180	105
0	82	182	114
0	81	184	120
0	83	183	126
0	64	130	92
0	44	87	62
0	30	59	42
0	21	41	28
0	15	29	20
0	11	21	14
0	9	16	10
0	6	12	8
0	5	10	6
0	4	8	5
0	4	6	4
0	3	6	4
0	3	6	3
0	3	6	3
0	3	5	3
0	3	5	3
0	3	5	3
0	2	6	3
200	3	7	3
200	3	6	3
200	3	7	3
200	7	59	26
200	24	100	64
200	47	128	87
200	55	148	103
200	65	161	106
200	70	168	107
200	73	173	106
200	75	174	99
200	77	173	95
200	82	168	91
200	81	168	85
200	77	166	81
200	79	161	78
200	79	158	76
200	78	156	71
200	80	155	71
200	79	154	70
200	84	152	70
0	81	153	70
0	84	158	71
0	82	158	73
0	62	113	55
0	41	79	38
0	28	61	26
0	20	44	19
0	14	35	13
0	10	27	10
0	8	23	7
0	6	21	5
0	5	23	5
0	4	22	7
0	4	24	6
0	3	27	8
0	4	30	9
0	3	28	12
0	3	29	13
0	3	32	17
0	3	32	23
0	3	35	31
200	2	38	38
200	3	37	45
200	3	39	54
200	7	88	98
200	27	131	138
200	42	158	159
200	56	176	168
200	63	184	163
200	67	185	148
200	72	183	132
200	73	176	118
200	79	163	106
200	76	148	96
200	79	132	87
200	77	116	82
200	79	105	78
200	74	96	75
200	70	89	73
200	71	82	70
200	74	77	68
200	71	73	67
0	74	71	64
0	72	69	65
0	73	72	68
0	56	78	60
0	39	99	82
0	27	118	112
0	19	132	131
0	14	144	145
0	10	153	157
0	7	160	165
0	6	166	170
0	5	168	172
0	4	172	175
0	4	175	178
0	3	176	177
0	3	180	179
0	3	181	182
0	3	184	182
0	3	184	184
0	3	184	184
0	3	185	184
200	3	185	185
200	3	184	185
200	3	185	185
200	10	200	203
200	34	203	215
200	50	207	214
200	63	212	204
200	71	217	187
200	75	216	167
200	75	210	153
200	78	205	142
200	76	195	136
200	75	189	132
200	72	176	129
200	72	160	128
200	70	140	127
200	71	122	127
200	75	108	125
200	73	97	123
200	70	90	122
200	71	84	122
0	71	81	123