0 0 0 0 0 0 0 0 0 0 0 0 0
1 0.35109 0.35109 0.915898 0.920327 0.955573 0.95501 0.851705 0.851284 0.822049 0.816677 0.815683 0.811316 
2 0.594 0.594 0.914517 0.918856 0.954878 0.95704 0.842368 0.846252 0.676721 0.669096 0.815372 0.819618
3 0.671026  0.671026 0.934507 0.935996 0.959392 0.959731 0.855931 0.85065 0.64673 0.647168 0.822546 0.821298 
4 0.368266 0.34899 0.919637 0.92143 0.955426 0.955008 0.8562 0.850417 0.818734 0.818449 0.803428 0.806612
5 0.597441 0.5642 0.91163 0.91711 0.95507 0.959216 0.854367 0.85176 0.830583 0.836311 0.855294 0.856177
6 0.633533 0.626595 0.930319 0.935113 0.955835 0.955979 0.852438 0.8483 0.548884 0.554013 0.717916 0.728488
7 0.817976 0.241332 0.911982 0.914845 0.959187 0.958364 0.866089 0.860402 0.808032 0.810305 0.813865 0.811867
8 0.830434 0.65127 0.936898 0.936345 0.0.9596 0.96055 0.82985 0.827418 0.650 0.655 0.749 0.747
9 0.846551 0.667 0.936691 0.941327 0.959583 0.959878 0.858073 0.851385 0.683579 0.687915 0.771928 0.786511
10 0.826555 0.656729 0.960012 0.96285 0.960443 0.960977 0.853424 0.847866 0.926527 0.927289 0.837884 0.83882
11 0 0 0 0 0 0 0 0 0 0 0 0
